# (mesh1,mesh2,mesh3) = (600, 600, 1)
# EnergyMesh: 600
# Chemical Energy (eV)  sigma_yz   sigma_zx   sigma_xy
-3.000000e-01 0.000000e+00 0.000000e+00 9.281400e-02
-2.990000e-01 0.000000e+00 0.000000e+00 9.556706e-02
-2.980000e-01 0.000000e+00 0.000000e+00 9.833852e-02
-2.970000e-01 0.000000e+00 0.000000e+00 1.009992e-01
-2.960000e-01 0.000000e+00 0.000000e+00 1.036246e-01
-2.950000e-01 0.000000e+00 0.000000e+00 1.058728e-01
-2.940000e-01 0.000000e+00 0.000000e+00 1.085392e-01
-2.930000e-01 0.000000e+00 0.000000e+00 1.110351e-01
-2.920000e-01 0.000000e+00 0.000000e+00 1.140361e-01
-2.910000e-01 0.000000e+00 0.000000e+00 1.168066e-01
-2.900000e-01 0.000000e+00 0.000000e+00 1.194408e-01
-2.890000e-01 0.000000e+00 0.000000e+00 1.221830e-01
-2.880000e-01 0.000000e+00 0.000000e+00 1.245354e-01
-2.870000e-01 0.000000e+00 0.000000e+00 1.273246e-01
-2.860000e-01 0.000000e+00 0.000000e+00 1.298482e-01
-2.850000e-01 0.000000e+00 0.000000e+00 1.328438e-01
-2.840000e-01 0.000000e+00 0.000000e+00 1.356996e-01
-2.830000e-01 0.000000e+00 0.000000e+00 1.386334e-01
-2.820000e-01 0.000000e+00 0.000000e+00 1.412322e-01
-2.810000e-01 0.000000e+00 0.000000e+00 1.439071e-01
-2.800000e-01 0.000000e+00 0.000000e+00 1.463850e-01
-2.790000e-01 0.000000e+00 0.000000e+00 1.495808e-01
-2.780000e-01 0.000000e+00 0.000000e+00 1.523407e-01
-2.770000e-01 0.000000e+00 0.000000e+00 1.552355e-01
-2.760000e-01 0.000000e+00 0.000000e+00 1.582462e-01
-2.750000e-01 0.000000e+00 0.000000e+00 1.610762e-01
-2.740000e-01 0.000000e+00 0.000000e+00 1.634962e-01
-2.730000e-01 0.000000e+00 0.000000e+00 1.664624e-01
-2.720000e-01 0.000000e+00 0.000000e+00 1.695257e-01
-2.710000e-01 0.000000e+00 0.000000e+00 1.725392e-01
-2.700000e-01 0.000000e+00 0.000000e+00 1.755116e-01
-2.690000e-01 0.000000e+00 0.000000e+00 1.783990e-01
-2.680000e-01 0.000000e+00 0.000000e+00 1.812855e-01
-2.670000e-01 0.000000e+00 0.000000e+00 1.840828e-01
-2.660000e-01 0.000000e+00 0.000000e+00 1.869923e-01
-2.650000e-01 0.000000e+00 0.000000e+00 1.900717e-01
-2.640000e-01 0.000000e+00 0.000000e+00 1.932167e-01
-2.630000e-01 0.000000e+00 0.000000e+00 1.963241e-01
-2.620000e-01 0.000000e+00 0.000000e+00 1.993208e-01
-2.610000e-01 0.000000e+00 0.000000e+00 2.022566e-01
-2.600000e-01 0.000000e+00 0.000000e+00 2.052583e-01
-2.590000e-01 0.000000e+00 0.000000e+00 2.082130e-01
-2.580000e-01 0.000000e+00 0.000000e+00 2.113420e-01
-2.570000e-01 0.000000e+00 0.000000e+00 2.146839e-01
-2.560000e-01 0.000000e+00 0.000000e+00 2.178457e-01
-2.550000e-01 0.000000e+00 0.000000e+00 2.209425e-01
-2.540000e-01 0.000000e+00 0.000000e+00 2.240941e-01
-2.530000e-01 0.000000e+00 0.000000e+00 2.271404e-01
-2.520000e-01 0.000000e+00 0.000000e+00 2.299027e-01
-2.510000e-01 0.000000e+00 0.000000e+00 2.337229e-01
-2.500000e-01 0.000000e+00 0.000000e+00 2.368761e-01
-2.490000e-01 0.000000e+00 0.000000e+00 2.401087e-01
-2.480000e-01 0.000000e+00 0.000000e+00 2.433629e-01
-2.470000e-01 0.000000e+00 0.000000e+00 2.466995e-01
-2.460000e-01 0.000000e+00 0.000000e+00 2.496796e-01
-2.450000e-01 0.000000e+00 0.000000e+00 2.531177e-01
-2.440000e-01 0.000000e+00 0.000000e+00 2.563589e-01
-2.430000e-01 0.000000e+00 0.000000e+00 2.599131e-01
-2.420000e-01 0.000000e+00 0.000000e+00 2.631768e-01
-2.410000e-01 0.000000e+00 0.000000e+00 2.664508e-01
-2.400000e-01 0.000000e+00 0.000000e+00 2.698711e-01
-2.390000e-01 0.000000e+00 0.000000e+00 2.732620e-01
-2.380000e-01 0.000000e+00 0.000000e+00 2.768040e-01
-2.370000e-01 0.000000e+00 0.000000e+00 2.802788e-01
-2.360000e-01 0.000000e+00 0.000000e+00 2.833439e-01
-2.350000e-01 0.000000e+00 0.000000e+00 2.872626e-01
-2.340000e-01 0.000000e+00 0.000000e+00 2.904482e-01
-2.330000e-01 0.000000e+00 0.000000e+00 2.940784e-01
-2.320000e-01 0.000000e+00 0.000000e+00 2.973719e-01
-2.310000e-01 0.000000e+00 0.000000e+00 3.013993e-01
-2.300000e-01 0.000000e+00 0.000000e+00 3.049655e-01
-2.290000e-01 0.000000e+00 0.000000e+00 3.083754e-01
-2.280000e-01 0.000000e+00 0.000000e+00 3.118609e-01
-2.270000e-01 0.000000e+00 0.000000e+00 3.156889e-01
-2.260000e-01 0.000000e+00 0.000000e+00 3.192482e-01
-2.250000e-01 0.000000e+00 0.000000e+00 3.231531e-01
-2.240000e-01 0.000000e+00 0.000000e+00 3.268767e-01
-2.230000e-01 0.000000e+00 0.000000e+00 3.304666e-01
-2.220000e-01 0.000000e+00 0.000000e+00 3.340974e-01
-2.210000e-01 0.000000e+00 0.000000e+00 3.379332e-01
-2.200000e-01 0.000000e+00 0.000000e+00 3.416878e-01
-2.190000e-01 0.000000e+00 0.000000e+00 3.457413e-01
-2.180000e-01 0.000000e+00 0.000000e+00 3.496641e-01
-2.170000e-01 0.000000e+00 0.000000e+00 3.535735e-01
-2.160000e-01 0.000000e+00 0.000000e+00 3.569109e-01
-2.150000e-01 0.000000e+00 0.000000e+00 3.611530e-01
-2.140000e-01 0.000000e+00 0.000000e+00 3.646800e-01
-2.130000e-01 0.000000e+00 0.000000e+00 3.688172e-01
-2.120000e-01 0.000000e+00 0.000000e+00 3.729108e-01
-2.110000e-01 0.000000e+00 0.000000e+00 3.772974e-01
-2.100000e-01 0.000000e+00 0.000000e+00 3.810264e-01
-2.090000e-01 0.000000e+00 0.000000e+00 3.848256e-01
-2.080000e-01 0.000000e+00 0.000000e+00 3.890096e-01
-2.070000e-01 0.000000e+00 0.000000e+00 3.932641e-01
-2.060000e-01 0.000000e+00 0.000000e+00 3.970143e-01
-2.050000e-01 0.000000e+00 0.000000e+00 4.018726e-01
-2.040000e-01 0.000000e+00 0.000000e+00 4.059995e-01
-2.030000e-01 0.000000e+00 0.000000e+00 4.100935e-01
-2.020000e-01 0.000000e+00 0.000000e+00 4.142238e-01
-2.010000e-01 0.000000e+00 0.000000e+00 4.181990e-01
-2.000000e-01 0.000000e+00 0.000000e+00 4.228722e-01
-1.990000e-01 0.000000e+00 0.000000e+00 4.274076e-01
-1.980000e-01 0.000000e+00 0.000000e+00 4.319037e-01
-1.970000e-01 0.000000e+00 0.000000e+00 4.360269e-01
-1.960000e-01 0.000000e+00 0.000000e+00 4.404050e-01
-1.950000e-01 0.000000e+00 0.000000e+00 4.448597e-01
-1.940000e-01 0.000000e+00 0.000000e+00 4.490779e-01
-1.930000e-01 0.000000e+00 0.000000e+00 4.536600e-01
-1.920000e-01 0.000000e+00 0.000000e+00 4.585821e-01
-1.910000e-01 0.000000e+00 0.000000e+00 4.636223e-01
-1.900000e-01 0.000000e+00 0.000000e+00 4.675891e-01
-1.890000e-01 0.000000e+00 0.000000e+00 4.720310e-01
-1.880000e-01 0.000000e+00 0.000000e+00 4.770194e-01
-1.870000e-01 0.000000e+00 0.000000e+00 4.816988e-01
-1.860000e-01 0.000000e+00 0.000000e+00 4.867040e-01
-1.850000e-01 0.000000e+00 0.000000e+00 4.918548e-01
-1.840000e-01 0.000000e+00 0.000000e+00 4.959513e-01
-1.830000e-01 0.000000e+00 0.000000e+00 5.010603e-01
-1.820000e-01 0.000000e+00 0.000000e+00 5.055520e-01
-1.810000e-01 0.000000e+00 0.000000e+00 5.108295e-01
-1.800000e-01 0.000000e+00 0.000000e+00 5.159678e-01
-1.790000e-01 0.000000e+00 0.000000e+00 5.212899e-01
-1.780000e-01 0.000000e+00 0.000000e+00 5.260490e-01
-1.770000e-01 0.000000e+00 0.000000e+00 5.308847e-01
-1.760000e-01 0.000000e+00 0.000000e+00 5.362844e-01
-1.750000e-01 0.000000e+00 0.000000e+00 5.410797e-01
-1.740000e-01 0.000000e+00 0.000000e+00 5.466248e-01
-1.730000e-01 0.000000e+00 0.000000e+00 5.523238e-01
-1.720000e-01 0.000000e+00 0.000000e+00 5.571673e-01
-1.710000e-01 0.000000e+00 0.000000e+00 5.621643e-01
-1.700000e-01 0.000000e+00 0.000000e+00 5.679192e-01
-1.690000e-01 0.000000e+00 0.000000e+00 5.732339e-01
-1.680000e-01 0.000000e+00 0.000000e+00 5.788329e-01
-1.670000e-01 0.000000e+00 0.000000e+00 5.845437e-01
-1.660000e-01 0.000000e+00 0.000000e+00 5.904656e-01
-1.650000e-01 0.000000e+00 0.000000e+00 5.953258e-01
-1.640000e-01 0.000000e+00 0.000000e+00 6.011299e-01
-1.630000e-01 0.000000e+00 0.000000e+00 6.071381e-01
-1.620000e-01 0.000000e+00 0.000000e+00 6.126723e-01
-1.610000e-01 0.000000e+00 0.000000e+00 6.187548e-01
-1.600000e-01 0.000000e+00 0.000000e+00 6.247355e-01
-1.590000e-01 0.000000e+00 0.000000e+00 6.301491e-01
-1.580000e-01 0.000000e+00 0.000000e+00 6.359141e-01
-1.570000e-01 0.000000e+00 0.000000e+00 6.426321e-01
-1.560000e-01 0.000000e+00 0.000000e+00 6.486998e-01
-1.550000e-01 0.000000e+00 0.000000e+00 6.550759e-01
-1.540000e-01 0.000000e+00 0.000000e+00 6.610736e-01
-1.530000e-01 0.000000e+00 0.000000e+00 6.661284e-01
-1.520000e-01 0.000000e+00 0.000000e+00 6.735177e-01
-1.510000e-01 0.000000e+00 0.000000e+00 6.799368e-01
-1.500000e-01 0.000000e+00 0.000000e+00 6.866908e-01
-1.490000e-01 0.000000e+00 0.000000e+00 6.935989e-01
-1.480000e-01 0.000000e+00 0.000000e+00 6.997064e-01
-1.470000e-01 0.000000e+00 0.000000e+00 7.053895e-01
-1.460000e-01 0.000000e+00 0.000000e+00 7.120077e-01
-1.450000e-01 0.000000e+00 0.000000e+00 7.195535e-01
-1.440000e-01 0.000000e+00 0.000000e+00 7.264644e-01
-1.430000e-01 0.000000e+00 0.000000e+00 7.341300e-01
-1.420000e-01 0.000000e+00 0.000000e+00 7.402383e-01
-1.410000e-01 0.000000e+00 0.000000e+00 7.464413e-01
-1.400000e-01 0.000000e+00 0.000000e+00 7.534814e-01
-1.390000e-01 0.000000e+00 0.000000e+00 7.608789e-01
-1.380000e-01 0.000000e+00 0.000000e+00 7.697067e-01
-1.370000e-01 0.000000e+00 0.000000e+00 7.773520e-01
-1.360000e-01 0.000000e+00 0.000000e+00 7.842832e-01
-1.350000e-01 0.000000e+00 0.000000e+00 7.903994e-01
-1.340000e-01 0.000000e+00 0.000000e+00 7.978724e-01
-1.330000e-01 0.000000e+00 0.000000e+00 8.060463e-01
-1.320000e-01 0.000000e+00 0.000000e+00 8.146019e-01
-1.310000e-01 0.000000e+00 0.000000e+00 8.224655e-01
-1.300000e-01 0.000000e+00 0.000000e+00 8.294359e-01
-1.290000e-01 0.000000e+00 0.000000e+00 8.367172e-01
-1.280000e-01 0.000000e+00 0.000000e+00 8.458016e-01
-1.270000e-01 0.000000e+00 0.000000e+00 8.539604e-01
-1.260000e-01 0.000000e+00 0.000000e+00 8.633733e-01
-1.250000e-01 0.000000e+00 0.000000e+00 8.711311e-01
-1.240000e-01 0.000000e+00 0.000000e+00 8.786171e-01
-1.230000e-01 0.000000e+00 0.000000e+00 8.878504e-01
-1.220000e-01 0.000000e+00 0.000000e+00 8.971755e-01
-1.210000e-01 0.000000e+00 0.000000e+00 9.065515e-01
-1.200000e-01 0.000000e+00 0.000000e+00 9.138099e-01
-1.190000e-01 0.000000e+00 0.000000e+00 9.229016e-01
-1.180000e-01 0.000000e+00 0.000000e+00 9.323375e-01
-1.170000e-01 0.000000e+00 0.000000e+00 9.423613e-01
-1.160000e-01 0.000000e+00 0.000000e+00 9.523506e-01
-1.150000e-01 0.000000e+00 0.000000e+00 9.605070e-01
-1.140000e-01 0.000000e+00 0.000000e+00 9.686586e-01
-1.130000e-01 0.000000e+00 0.000000e+00 9.799005e-01
-1.120000e-01 0.000000e+00 0.000000e+00 9.898296e-01
-1.110000e-01 0.000000e+00 0.000000e+00 1.000608e+00
-1.100000e-01 0.000000e+00 0.000000e+00 1.011310e+00
-1.090000e-01 0.000000e+00 0.000000e+00 1.019685e+00
-1.080000e-01 0.000000e+00 0.000000e+00 1.029380e+00
-1.070000e-01 0.000000e+00 0.000000e+00 1.040930e+00
-1.060000e-01 0.000000e+00 0.000000e+00 1.052857e+00
-1.050000e-01 0.000000e+00 0.000000e+00 1.063022e+00
-1.040000e-01 0.000000e+00 0.000000e+00 1.073808e+00
-1.030000e-01 0.000000e+00 0.000000e+00 1.084530e+00
-1.020000e-01 0.000000e+00 0.000000e+00 1.096323e+00
-1.010000e-01 0.000000e+00 0.000000e+00 1.108809e+00
-1.000000e-01 0.000000e+00 0.000000e+00 1.119371e+00
-9.900000e-02 0.000000e+00 0.000000e+00 1.130936e+00
-9.800000e-02 0.000000e+00 0.000000e+00 1.144043e+00
-9.700000e-02 0.000000e+00 0.000000e+00 1.157068e+00
-9.600000e-02 0.000000e+00 0.000000e+00 1.168855e+00
-9.500000e-02 0.000000e+00 0.000000e+00 1.180843e+00
-9.400000e-02 0.000000e+00 0.000000e+00 1.194410e+00
-9.300000e-02 0.000000e+00 0.000000e+00 1.208450e+00
-9.200000e-02 0.000000e+00 0.000000e+00 1.222406e+00
-9.100000e-02 0.000000e+00 0.000000e+00 1.236508e+00
-9.000000e-02 0.000000e+00 0.000000e+00 1.249871e+00
-8.900000e-02 0.000000e+00 0.000000e+00 1.265771e+00
-8.800000e-02 0.000000e+00 0.000000e+00 1.280258e+00
-8.700000e-02 0.000000e+00 0.000000e+00 1.294295e+00
-8.600000e-02 0.000000e+00 0.000000e+00 1.311954e+00
-8.500000e-02 0.000000e+00 0.000000e+00 1.327113e+00
-8.400000e-02 0.000000e+00 0.000000e+00 1.343688e+00
-8.300000e-02 0.000000e+00 0.000000e+00 1.358092e+00
-8.200000e-02 0.000000e+00 0.000000e+00 1.376075e+00
-8.100000e-02 0.000000e+00 0.000000e+00 1.392424e+00
-8.000000e-02 0.000000e+00 0.000000e+00 1.410323e+00
-7.900000e-02 0.000000e+00 0.000000e+00 1.427633e+00
-7.800000e-02 0.000000e+00 0.000000e+00 1.442819e+00
-7.700000e-02 0.000000e+00 0.000000e+00 1.459292e+00
-7.600000e-02 0.000000e+00 0.000000e+00 1.477713e+00
-7.500000e-02 0.000000e+00 0.000000e+00 1.495409e+00
-7.400000e-02 0.000000e+00 0.000000e+00 1.512440e+00
-7.300000e-02 0.000000e+00 0.000000e+00 1.531382e+00
-7.200000e-02 0.000000e+00 0.000000e+00 1.550469e+00
-7.100000e-02 0.000000e+00 0.000000e+00 1.567816e+00
-7.000000e-02 0.000000e+00 0.000000e+00 1.586733e+00
-6.900000e-02 0.000000e+00 0.000000e+00 1.605159e+00
-6.800000e-02 0.000000e+00 0.000000e+00 1.624342e+00
-6.700000e-02 0.000000e+00 0.000000e+00 1.646843e+00
-6.600000e-02 0.000000e+00 0.000000e+00 1.665304e+00
-6.500000e-02 0.000000e+00 0.000000e+00 1.685628e+00
-6.400000e-02 0.000000e+00 0.000000e+00 1.707081e+00
-6.300000e-02 0.000000e+00 0.000000e+00 1.726634e+00
-6.200000e-02 0.000000e+00 0.000000e+00 1.748771e+00
-6.100000e-02 0.000000e+00 0.000000e+00 1.770977e+00
-6.000000e-02 0.000000e+00 0.000000e+00 1.793675e+00
-5.900000e-02 0.000000e+00 0.000000e+00 1.816091e+00
-5.800000e-02 0.000000e+00 0.000000e+00 1.837367e+00
-5.700000e-02 0.000000e+00 0.000000e+00 1.855980e+00
-5.600000e-02 0.000000e+00 0.000000e+00 1.871463e+00
-5.500000e-02 0.000000e+00 0.000000e+00 1.879506e+00
-5.400000e-02 0.000000e+00 0.000000e+00 1.884162e+00
-5.300000e-02 0.000000e+00 0.000000e+00 1.891063e+00
-5.200000e-02 0.000000e+00 0.000000e+00 1.897711e+00
-5.100000e-02 0.000000e+00 0.000000e+00 1.904289e+00
-5.000000e-02 0.000000e+00 0.000000e+00 1.912682e+00
-4.900000e-02 0.000000e+00 0.000000e+00 1.921391e+00
-4.800000e-02 0.000000e+00 0.000000e+00 1.927987e+00
-4.700000e-02 0.000000e+00 0.000000e+00 1.935780e+00
-4.600000e-02 0.000000e+00 0.000000e+00 1.944007e+00
-4.500000e-02 0.000000e+00 0.000000e+00 1.951191e+00
-4.400000e-02 0.000000e+00 0.000000e+00 1.961871e+00
-4.300000e-02 0.000000e+00 0.000000e+00 1.972602e+00
-4.200000e-02 0.000000e+00 0.000000e+00 1.979634e+00
-4.100000e-02 0.000000e+00 0.000000e+00 1.987883e+00
-4.000000e-02 0.000000e+00 0.000000e+00 1.999238e+00
-3.900000e-02 0.000000e+00 0.000000e+00 2.009709e+00
-3.800000e-02 0.000000e+00 0.000000e+00 2.022184e+00
-3.700000e-02 0.000000e+00 0.000000e+00 2.030643e+00
-3.600000e-02 0.000000e+00 0.000000e+00 2.043008e+00
-3.500000e-02 0.000000e+00 0.000000e+00 2.053075e+00
-3.400000e-02 0.000000e+00 0.000000e+00 2.067123e+00
-3.300000e-02 0.000000e+00 0.000000e+00 2.078917e+00
-3.200000e-02 0.000000e+00 0.000000e+00 2.094180e+00
-3.100000e-02 0.000000e+00 0.000000e+00 2.107482e+00
-3.000000e-02 0.000000e+00 0.000000e+00 2.119613e+00
-2.900000e-02 0.000000e+00 0.000000e+00 2.133938e+00
-2.800000e-02 0.000000e+00 0.000000e+00 2.149515e+00
-2.700000e-02 0.000000e+00 0.000000e+00 2.167257e+00
-2.600000e-02 0.000000e+00 0.000000e+00 2.185086e+00
-2.500000e-02 0.000000e+00 0.000000e+00 2.201787e+00
-2.400000e-02 0.000000e+00 0.000000e+00 2.220160e+00
-2.300000e-02 0.000000e+00 0.000000e+00 2.238632e+00
-2.200000e-02 0.000000e+00 0.000000e+00 2.261158e+00
-2.100000e-02 0.000000e+00 0.000000e+00 2.285146e+00
-2.000000e-02 0.000000e+00 0.000000e+00 2.304754e+00
-1.900000e-02 0.000000e+00 0.000000e+00 2.324523e+00
-1.800000e-02 0.000000e+00 0.000000e+00 2.352119e+00
-1.700000e-02 0.000000e+00 0.000000e+00 2.384608e+00
-1.600000e-02 0.000000e+00 0.000000e+00 2.409483e+00
-1.500000e-02 0.000000e+00 0.000000e+00 2.436235e+00
-1.400000e-02 0.000000e+00 0.000000e+00 2.467484e+00
-1.300000e-02 0.000000e+00 0.000000e+00 2.502251e+00
-1.200000e-02 0.000000e+00 0.000000e+00 2.541945e+00
-1.100000e-02 0.000000e+00 0.000000e+00 2.579559e+00
-1.000000e-02 0.000000e+00 0.000000e+00 2.618591e+00
-9.000000e-03 0.000000e+00 0.000000e+00 2.664974e+00
-8.000000e-03 0.000000e+00 0.000000e+00 2.706597e+00
-7.000000e-03 0.000000e+00 0.000000e+00 2.762372e+00
-6.000000e-03 0.000000e+00 0.000000e+00 2.811397e+00
-5.000000e-03 0.000000e+00 0.000000e+00 2.867531e+00
-4.000000e-03 0.000000e+00 0.000000e+00 2.937584e+00
-3.000000e-03 0.000000e+00 0.000000e+00 2.970040e+00
-2.000000e-03 0.000000e+00 0.000000e+00 3.001356e+00
-1.000000e-03 0.000000e+00 0.000000e+00 3.001426e+00
2.706169e-16 0.000000e+00 0.000000e+00 3.001470e+00
1.000000e-03 0.000000e+00 0.000000e+00 3.001544e+00
2.000000e-03 0.000000e+00 0.000000e+00 3.001593e+00
3.000000e-03 0.000000e+00 0.000000e+00 3.001675e+00
4.000000e-03 0.000000e+00 0.000000e+00 3.001725e+00
5.000000e-03 0.000000e+00 0.000000e+00 3.001781e+00
6.000000e-03 0.000000e+00 0.000000e+00 3.001864e+00
7.000000e-03 0.000000e+00 0.000000e+00 3.001905e+00
8.000000e-03 0.000000e+00 0.000000e+00 3.001974e+00
9.000000e-03 0.000000e+00 0.000000e+00 3.002045e+00
1.000000e-02 0.000000e+00 0.000000e+00 3.002088e+00
1.100000e-02 0.000000e+00 0.000000e+00 3.002169e+00
1.200000e-02 0.000000e+00 0.000000e+00 3.002225e+00
1.300000e-02 0.000000e+00 0.000000e+00 3.002275e+00
1.400000e-02 0.000000e+00 0.000000e+00 3.002343e+00
1.500000e-02 0.000000e+00 0.000000e+00 3.002401e+00
1.600000e-02 0.000000e+00 0.000000e+00 3.002449e+00
1.700000e-02 0.000000e+00 0.000000e+00 3.002513e+00
1.800000e-02 0.000000e+00 0.000000e+00 3.002584e+00
1.900000e-02 0.000000e+00 0.000000e+00 3.002622e+00
2.000000e-02 0.000000e+00 0.000000e+00 3.002695e+00
2.100000e-02 0.000000e+00 0.000000e+00 3.002754e+00
2.200000e-02 0.000000e+00 0.000000e+00 3.002800e+00
2.300000e-02 0.000000e+00 0.000000e+00 3.002851e+00
2.400000e-02 0.000000e+00 0.000000e+00 3.002921e+00
2.500000e-02 0.000000e+00 0.000000e+00 3.002975e+00
2.600000e-02 0.000000e+00 0.000000e+00 3.003014e+00
2.700000e-02 0.000000e+00 0.000000e+00 3.003087e+00
2.800000e-02 0.000000e+00 0.000000e+00 3.003143e+00
2.900000e-02 0.000000e+00 0.000000e+00 2.998237e+00
3.000000e-02 0.000000e+00 0.000000e+00 2.970657e+00
3.100000e-02 0.000000e+00 0.000000e+00 2.951234e+00
3.200000e-02 0.000000e+00 0.000000e+00 2.927448e+00
3.300000e-02 0.000000e+00 0.000000e+00 2.893884e+00
3.400000e-02 0.000000e+00 0.000000e+00 2.856491e+00
3.500000e-02 0.000000e+00 0.000000e+00 2.808120e+00
3.600000e-02 0.000000e+00 0.000000e+00 2.783854e+00
3.700000e-02 0.000000e+00 0.000000e+00 2.719344e+00
3.800000e-02 0.000000e+00 0.000000e+00 2.667588e+00
3.900000e-02 0.000000e+00 0.000000e+00 2.634743e+00
4.000000e-02 0.000000e+00 0.000000e+00 2.585290e+00
4.100000e-02 0.000000e+00 0.000000e+00 2.544474e+00
4.200000e-02 0.000000e+00 0.000000e+00 2.503817e+00
4.300000e-02 0.000000e+00 0.000000e+00 2.478128e+00
4.400000e-02 0.000000e+00 0.000000e+00 2.443744e+00
4.500000e-02 0.000000e+00 0.000000e+00 2.410583e+00
4.600000e-02 0.000000e+00 0.000000e+00 2.384562e+00
4.700000e-02 0.000000e+00 0.000000e+00 2.355112e+00
4.800000e-02 0.000000e+00 0.000000e+00 2.326026e+00
4.900000e-02 0.000000e+00 0.000000e+00 2.310461e+00
5.000000e-02 0.000000e+00 0.000000e+00 2.284557e+00
5.100000e-02 0.000000e+00 0.000000e+00 2.258620e+00
5.200000e-02 0.000000e+00 0.000000e+00 2.237734e+00
5.300000e-02 0.000000e+00 0.000000e+00 2.220007e+00
5.400000e-02 0.000000e+00 0.000000e+00 2.203390e+00
5.500000e-02 0.000000e+00 0.000000e+00 2.182207e+00
5.600000e-02 0.000000e+00 0.000000e+00 2.163741e+00
5.700000e-02 0.000000e+00 0.000000e+00 2.149054e+00
5.800000e-02 0.000000e+00 0.000000e+00 2.135201e+00
5.900000e-02 0.000000e+00 0.000000e+00 2.119386e+00
6.000000e-02 0.000000e+00 0.000000e+00 2.104359e+00
6.100000e-02 0.000000e+00 0.000000e+00 2.089116e+00
6.200000e-02 0.000000e+00 0.000000e+00 2.077503e+00
6.300000e-02 0.000000e+00 0.000000e+00 2.066149e+00
6.400000e-02 0.000000e+00 0.000000e+00 2.051883e+00
6.500000e-02 0.000000e+00 0.000000e+00 2.039126e+00
6.600000e-02 0.000000e+00 0.000000e+00 2.028465e+00
6.700000e-02 0.000000e+00 0.000000e+00 2.020233e+00
6.800000e-02 0.000000e+00 0.000000e+00 2.008150e+00
6.900000e-02 0.000000e+00 0.000000e+00 1.998125e+00
7.000000e-02 0.000000e+00 0.000000e+00 1.986082e+00
7.100000e-02 0.000000e+00 0.000000e+00 1.978112e+00
7.200000e-02 0.000000e+00 0.000000e+00 1.970362e+00
7.300000e-02 0.000000e+00 0.000000e+00 1.960701e+00
7.400000e-02 0.000000e+00 0.000000e+00 1.951411e+00
7.500000e-02 0.000000e+00 0.000000e+00 1.943521e+00
7.600000e-02 0.000000e+00 0.000000e+00 1.935437e+00
7.700000e-02 0.000000e+00 0.000000e+00 1.928801e+00
7.800000e-02 0.000000e+00 0.000000e+00 1.921675e+00
7.900000e-02 0.000000e+00 0.000000e+00 1.912174e+00
8.000000e-02 0.000000e+00 0.000000e+00 1.905614e+00
8.100000e-02 0.000000e+00 0.000000e+00 1.899928e+00
8.200000e-02 0.000000e+00 0.000000e+00 1.892592e+00
8.300000e-02 0.000000e+00 0.000000e+00 1.885479e+00
8.400000e-02 0.000000e+00 0.000000e+00 1.879476e+00
8.500000e-02 0.000000e+00 0.000000e+00 1.869558e+00
8.600000e-02 0.000000e+00 0.000000e+00 1.859093e+00
8.700000e-02 0.000000e+00 0.000000e+00 1.846974e+00
8.800000e-02 0.000000e+00 0.000000e+00 1.830270e+00
8.900000e-02 0.000000e+00 0.000000e+00 1.813189e+00
9.000000e-02 0.000000e+00 0.000000e+00 1.796575e+00
9.100000e-02 0.000000e+00 0.000000e+00 1.779276e+00
9.200000e-02 0.000000e+00 0.000000e+00 1.759858e+00
9.300000e-02 0.000000e+00 0.000000e+00 1.738023e+00
9.400000e-02 0.000000e+00 0.000000e+00 1.715616e+00
9.500000e-02 0.000000e+00 0.000000e+00 1.695097e+00
9.600000e-02 0.000000e+00 0.000000e+00 1.674945e+00
9.700000e-02 0.000000e+00 0.000000e+00 1.654475e+00
9.800000e-02 0.000000e+00 0.000000e+00 1.634106e+00
9.900000e-02 0.000000e+00 0.000000e+00 1.615693e+00
1.000000e-01 0.000000e+00 0.000000e+00 1.596875e+00
1.010000e-01 0.000000e+00 0.000000e+00 1.578513e+00
1.020000e-01 0.000000e+00 0.000000e+00 1.559219e+00
1.030000e-01 0.000000e+00 0.000000e+00 1.542059e+00
1.040000e-01 0.000000e+00 0.000000e+00 1.524120e+00
1.050000e-01 0.000000e+00 0.000000e+00 1.507396e+00
1.060000e-01 0.000000e+00 0.000000e+00 1.490741e+00
1.070000e-01 0.000000e+00 0.000000e+00 1.473437e+00
1.080000e-01 0.000000e+00 0.000000e+00 1.458184e+00
1.090000e-01 0.000000e+00 0.000000e+00 1.442311e+00
1.100000e-01 0.000000e+00 0.000000e+00 1.425220e+00
1.110000e-01 0.000000e+00 0.000000e+00 1.410346e+00
1.120000e-01 0.000000e+00 0.000000e+00 1.395637e+00
1.130000e-01 0.000000e+00 0.000000e+00 1.380403e+00
1.140000e-01 0.000000e+00 0.000000e+00 1.365170e+00
1.150000e-01 0.000000e+00 0.000000e+00 1.352529e+00
1.160000e-01 0.000000e+00 0.000000e+00 1.336523e+00
1.170000e-01 0.000000e+00 0.000000e+00 1.323206e+00
1.180000e-01 0.000000e+00 0.000000e+00 1.310112e+00
1.190000e-01 0.000000e+00 0.000000e+00 1.296042e+00
1.200000e-01 0.000000e+00 0.000000e+00 1.282036e+00
1.210000e-01 0.000000e+00 0.000000e+00 1.270927e+00
1.220000e-01 0.000000e+00 0.000000e+00 1.256396e+00
1.230000e-01 0.000000e+00 0.000000e+00 1.244185e+00
1.240000e-01 0.000000e+00 0.000000e+00 1.231669e+00
1.250000e-01 0.000000e+00 0.000000e+00 1.218585e+00
1.260000e-01 0.000000e+00 0.000000e+00 1.207137e+00
1.270000e-01 0.000000e+00 0.000000e+00 1.194854e+00
1.280000e-01 0.000000e+00 0.000000e+00 1.183592e+00
1.290000e-01 0.000000e+00 0.000000e+00 1.171110e+00
1.300000e-01 0.000000e+00 0.000000e+00 1.161318e+00
1.310000e-01 0.000000e+00 0.000000e+00 1.148665e+00
1.320000e-01 0.000000e+00 0.000000e+00 1.137762e+00
1.330000e-01 0.000000e+00 0.000000e+00 1.127250e+00
1.340000e-01 0.000000e+00 0.000000e+00 1.117785e+00
1.350000e-01 0.000000e+00 0.000000e+00 1.105361e+00
1.360000e-01 0.000000e+00 0.000000e+00 1.095157e+00
1.370000e-01 0.000000e+00 0.000000e+00 1.086519e+00
1.380000e-01 0.000000e+00 0.000000e+00 1.075825e+00
1.390000e-01 0.000000e+00 0.000000e+00 1.065015e+00
1.400000e-01 0.000000e+00 0.000000e+00 1.055251e+00
1.410000e-01 0.000000e+00 0.000000e+00 1.046362e+00
1.420000e-01 0.000000e+00 0.000000e+00 1.036994e+00
1.430000e-01 0.000000e+00 0.000000e+00 1.026994e+00
1.440000e-01 0.000000e+00 0.000000e+00 1.017806e+00
1.450000e-01 0.000000e+00 0.000000e+00 1.008969e+00
1.460000e-01 0.000000e+00 0.000000e+00 1.000337e+00
1.470000e-01 0.000000e+00 0.000000e+00 9.904799e-01
1.480000e-01 0.000000e+00 0.000000e+00 9.821146e-01
1.490000e-01 0.000000e+00 0.000000e+00 9.732790e-01
1.500000e-01 0.000000e+00 0.000000e+00 9.649203e-01
1.510000e-01 0.000000e+00 0.000000e+00 9.565957e-01
1.520000e-01 0.000000e+00 0.000000e+00 9.483882e-01
1.530000e-01 0.000000e+00 0.000000e+00 9.399201e-01
1.540000e-01 0.000000e+00 0.000000e+00 9.318175e-01
1.550000e-01 0.000000e+00 0.000000e+00 9.246045e-01
1.560000e-01 0.000000e+00 0.000000e+00 9.160393e-01
1.570000e-01 0.000000e+00 0.000000e+00 9.082796e-01
1.580000e-01 0.000000e+00 0.000000e+00 8.999110e-01
1.590000e-01 0.000000e+00 0.000000e+00 8.931495e-01
1.600000e-01 0.000000e+00 0.000000e+00 8.857588e-01
1.610000e-01 0.000000e+00 0.000000e+00 8.777218e-01
1.620000e-01 0.000000e+00 0.000000e+00 8.707036e-01
1.630000e-01 0.000000e+00 0.000000e+00 8.632803e-01
1.640000e-01 0.000000e+00 0.000000e+00 8.569664e-01
1.650000e-01 0.000000e+00 0.000000e+00 8.491469e-01
1.660000e-01 0.000000e+00 0.000000e+00 8.417274e-01
1.670000e-01 0.000000e+00 0.000000e+00 8.354668e-01
1.680000e-01 0.000000e+00 0.000000e+00 8.287532e-01
1.690000e-01 0.000000e+00 0.000000e+00 8.220317e-01
1.700000e-01 0.000000e+00 0.000000e+00 8.150250e-01
1.710000e-01 0.000000e+00 0.000000e+00 8.088677e-01
1.720000e-01 0.000000e+00 0.000000e+00 8.019614e-01
1.730000e-01 0.000000e+00 0.000000e+00 7.960116e-01
1.740000e-01 0.000000e+00 0.000000e+00 7.899101e-01
1.750000e-01 0.000000e+00 0.000000e+00 7.832123e-01
1.760000e-01 0.000000e+00 0.000000e+00 7.766634e-01
1.770000e-01 0.000000e+00 0.000000e+00 7.710134e-01
1.780000e-01 0.000000e+00 0.000000e+00 7.651141e-01
1.790000e-01 0.000000e+00 0.000000e+00 7.592114e-01
1.800000e-01 0.000000e+00 0.000000e+00 7.527729e-01
1.810000e-01 0.000000e+00 0.000000e+00 7.473335e-01
1.820000e-01 0.000000e+00 0.000000e+00 7.418491e-01
1.830000e-01 0.000000e+00 0.000000e+00 7.359792e-01
1.840000e-01 0.000000e+00 0.000000e+00 7.300690e-01
1.850000e-01 0.000000e+00 0.000000e+00 7.243214e-01
1.860000e-01 0.000000e+00 0.000000e+00 7.195045e-01
1.870000e-01 0.000000e+00 0.000000e+00 7.135854e-01
1.880000e-01 0.000000e+00 0.000000e+00 7.084786e-01
1.890000e-01 0.000000e+00 0.000000e+00 7.031869e-01
1.900000e-01 0.000000e+00 0.000000e+00 6.975559e-01
1.910000e-01 0.000000e+00 0.000000e+00 6.926272e-01
1.920000e-01 0.000000e+00 0.000000e+00 6.872153e-01
1.930000e-01 0.000000e+00 0.000000e+00 6.825818e-01
1.940000e-01 0.000000e+00 0.000000e+00 6.769764e-01
1.950000e-01 0.000000e+00 0.000000e+00 6.720244e-01
1.960000e-01 0.000000e+00 0.000000e+00 6.675570e-01
1.970000e-01 0.000000e+00 0.000000e+00 6.623143e-01
1.980000e-01 0.000000e+00 0.000000e+00 6.575165e-01
1.990000e-01 0.000000e+00 0.000000e+00 6.527286e-01
2.000000e-01 0.000000e+00 0.000000e+00 6.479510e-01
2.010000e-01 0.000000e+00 0.000000e+00 6.435585e-01
2.020000e-01 0.000000e+00 0.000000e+00 6.387498e-01
2.030000e-01 0.000000e+00 0.000000e+00 6.345321e-01
2.040000e-01 0.000000e+00 0.000000e+00 6.294960e-01
2.050000e-01 0.000000e+00 0.000000e+00 6.253332e-01
2.060000e-01 0.000000e+00 0.000000e+00 6.210609e-01
2.070000e-01 0.000000e+00 0.000000e+00 6.164098e-01
2.080000e-01 0.000000e+00 0.000000e+00 6.124027e-01
2.090000e-01 0.000000e+00 0.000000e+00 6.078583e-01
2.100000e-01 0.000000e+00 0.000000e+00 6.038104e-01
2.110000e-01 0.000000e+00 0.000000e+00 5.994655e-01
2.120000e-01 0.000000e+00 0.000000e+00 5.957245e-01
2.130000e-01 0.000000e+00 0.000000e+00 5.912622e-01
2.140000e-01 0.000000e+00 0.000000e+00 5.874615e-01
2.150000e-01 0.000000e+00 0.000000e+00 5.834543e-01
2.160000e-01 0.000000e+00 0.000000e+00 5.796545e-01
2.170000e-01 0.000000e+00 0.000000e+00 5.754461e-01
2.180000e-01 0.000000e+00 0.000000e+00 5.714367e-01
2.190000e-01 0.000000e+00 0.000000e+00 5.681668e-01
2.200000e-01 0.000000e+00 0.000000e+00 5.641269e-01
2.210000e-01 0.000000e+00 0.000000e+00 5.603432e-01
2.220000e-01 0.000000e+00 0.000000e+00 5.570969e-01
2.230000e-01 0.000000e+00 0.000000e+00 5.531697e-01
2.240000e-01 0.000000e+00 0.000000e+00 5.497267e-01
2.250000e-01 0.000000e+00 0.000000e+00 5.461456e-01
2.260000e-01 0.000000e+00 0.000000e+00 5.429948e-01
2.270000e-01 0.000000e+00 0.000000e+00 5.393662e-01
2.280000e-01 0.000000e+00 0.000000e+00 5.361956e-01
2.290000e-01 0.000000e+00 0.000000e+00 5.325683e-01
2.300000e-01 0.000000e+00 0.000000e+00 5.296538e-01
2.310000e-01 0.000000e+00 0.000000e+00 5.264182e-01
2.320000e-01 0.000000e+00 0.000000e+00 5.235053e-01
2.330000e-01 0.000000e+00 0.000000e+00 5.201923e-01
2.340000e-01 0.000000e+00 0.000000e+00 5.176443e-01
2.350000e-01 0.000000e+00 0.000000e+00 5.144789e-01
2.360000e-01 0.000000e+00 0.000000e+00 5.119296e-01
2.370000e-01 0.000000e+00 0.000000e+00 5.093173e-01
2.380000e-01 0.000000e+00 0.000000e+00 5.067184e-01
2.390000e-01 0.000000e+00 0.000000e+00 5.038553e-01
2.400000e-01 0.000000e+00 0.000000e+00 5.016342e-01
2.410000e-01 0.000000e+00 0.000000e+00 4.989912e-01
2.420000e-01 0.000000e+00 0.000000e+00 4.963956e-01
2.430000e-01 0.000000e+00 0.000000e+00 4.941524e-01
2.440000e-01 0.000000e+00 0.000000e+00 4.918609e-01
2.450000e-01 0.000000e+00 0.000000e+00 4.892522e-01
2.460000e-01 0.000000e+00 0.000000e+00 4.868170e-01
2.470000e-01 0.000000e+00 0.000000e+00 4.846444e-01
2.480000e-01 0.000000e+00 0.000000e+00 4.821344e-01
2.490000e-01 0.000000e+00 0.000000e+00 4.796738e-01
2.500000e-01 0.000000e+00 0.000000e+00 4.784827e-01
2.510000e-01 0.000000e+00 0.000000e+00 4.763882e-01
2.520000e-01 0.000000e+00 0.000000e+00 4.748854e-01
2.530000e-01 0.000000e+00 0.000000e+00 4.732084e-01
2.540000e-01 0.000000e+00 0.000000e+00 4.710583e-01
2.550000e-01 0.000000e+00 0.000000e+00 4.691321e-01
2.560000e-01 0.000000e+00 0.000000e+00 4.657664e-01
2.570000e-01 0.000000e+00 0.000000e+00 4.637517e-01
2.580000e-01 0.000000e+00 0.000000e+00 4.637400e-01
2.590000e-01 0.000000e+00 0.000000e+00 4.605602e-01
2.600000e-01 0.000000e+00 0.000000e+00 4.568495e-01
2.610000e-01 0.000000e+00 0.000000e+00 4.533432e-01
2.620000e-01 0.000000e+00 0.000000e+00 4.498568e-01
2.630000e-01 0.000000e+00 0.000000e+00 4.463871e-01
2.640000e-01 0.000000e+00 0.000000e+00 4.426303e-01
2.650000e-01 0.000000e+00 0.000000e+00 4.389032e-01
2.660000e-01 0.000000e+00 0.000000e+00 4.352438e-01
2.670000e-01 0.000000e+00 0.000000e+00 4.315416e-01
2.680000e-01 0.000000e+00 0.000000e+00 4.278719e-01
2.690000e-01 0.000000e+00 0.000000e+00 4.237871e-01
2.700000e-01 0.000000e+00 0.000000e+00 4.197110e-01
2.710000e-01 0.000000e+00 0.000000e+00 4.159852e-01
2.720000e-01 0.000000e+00 0.000000e+00 4.114665e-01
2.730000e-01 0.000000e+00 0.000000e+00 4.070659e-01
2.740000e-01 0.000000e+00 0.000000e+00 4.025569e-01
2.750000e-01 0.000000e+00 0.000000e+00 3.987864e-01
2.760000e-01 0.000000e+00 0.000000e+00 3.935746e-01
2.770000e-01 0.000000e+00 0.000000e+00 3.889931e-01
2.780000e-01 0.000000e+00 0.000000e+00 3.844963e-01
2.790000e-01 0.000000e+00 0.000000e+00 3.800228e-01
2.800000e-01 0.000000e+00 0.000000e+00 3.751397e-01
2.810000e-01 0.000000e+00 0.000000e+00 3.700216e-01
2.820000e-01 0.000000e+00 0.000000e+00 3.656620e-01
2.830000e-01 0.000000e+00 0.000000e+00 3.608050e-01
2.840000e-01 0.000000e+00 0.000000e+00 3.559662e-01
2.850000e-01 0.000000e+00 0.000000e+00 3.512276e-01
2.860000e-01 0.000000e+00 0.000000e+00 3.464168e-01
2.870000e-01 0.000000e+00 0.000000e+00 3.412815e-01
2.880000e-01 0.000000e+00 0.000000e+00 3.355777e-01
2.890000e-01 0.000000e+00 0.000000e+00 3.296089e-01
2.900000e-01 0.000000e+00 0.000000e+00 3.227938e-01
2.910000e-01 0.000000e+00 0.000000e+00 3.166622e-01
2.920000e-01 0.000000e+00 0.000000e+00 3.102538e-01
2.930000e-01 0.000000e+00 0.000000e+00 3.041314e-01
2.940000e-01 0.000000e+00 0.000000e+00 2.973463e-01
2.950000e-01 0.000000e+00 0.000000e+00 2.913345e-01
2.960000e-01 0.000000e+00 0.000000e+00 2.860695e-01
2.970000e-01 0.000000e+00 0.000000e+00 2.812015e-01
2.980000e-01 0.000000e+00 0.000000e+00 2.763355e-01
2.990000e-01 0.000000e+00 0.000000e+00 2.713389e-01
