# (mesh1,mesh2,mesh3) = (400, 400, 1)
# EnergyMesh: 400
# Chemical Energy (eV)  sigma_yz   sigma_zx   sigma_xy
-5.000000e-01 0.000000e+00 0.000000e+00 -1.917275e-01
-4.975000e-01 0.000000e+00 0.000000e+00 -1.903526e-01
-4.950000e-01 0.000000e+00 0.000000e+00 -1.888115e-01
-4.925000e-01 0.000000e+00 0.000000e+00 -1.872276e-01
-4.900000e-01 0.000000e+00 0.000000e+00 -1.857310e-01
-4.875000e-01 0.000000e+00 0.000000e+00 -1.838408e-01
-4.850000e-01 0.000000e+00 0.000000e+00 -1.818365e-01
-4.825000e-01 0.000000e+00 0.000000e+00 -1.795159e-01
-4.800000e-01 0.000000e+00 0.000000e+00 -1.775220e-01
-4.775000e-01 0.000000e+00 0.000000e+00 -1.752011e-01
-4.750000e-01 0.000000e+00 0.000000e+00 -1.732226e-01
-4.725000e-01 0.000000e+00 0.000000e+00 -1.700040e-01
-4.700000e-01 0.000000e+00 0.000000e+00 -1.672757e-01
-4.675000e-01 0.000000e+00 0.000000e+00 -1.648057e-01
-4.650000e-01 0.000000e+00 0.000000e+00 -1.620149e-01
-4.625000e-01 0.000000e+00 0.000000e+00 -1.591817e-01
-4.600000e-01 0.000000e+00 0.000000e+00 -1.556438e-01
-4.575000e-01 0.000000e+00 0.000000e+00 -1.527484e-01
-4.550000e-01 0.000000e+00 0.000000e+00 -1.497670e-01
-4.525000e-01 0.000000e+00 0.000000e+00 -1.463041e-01
-4.500000e-01 0.000000e+00 0.000000e+00 -1.428546e-01
-4.475000e-01 0.000000e+00 0.000000e+00 -1.390093e-01
-4.450000e-01 0.000000e+00 0.000000e+00 -1.357705e-01
-4.425000e-01 0.000000e+00 0.000000e+00 -1.321641e-01
-4.400000e-01 0.000000e+00 0.000000e+00 -1.288081e-01
-4.375000e-01 0.000000e+00 0.000000e+00 -1.245095e-01
-4.350000e-01 0.000000e+00 0.000000e+00 -1.207520e-01
-4.325000e-01 0.000000e+00 0.000000e+00 -1.168821e-01
-4.300000e-01 0.000000e+00 0.000000e+00 -1.130210e-01
-4.275000e-01 0.000000e+00 0.000000e+00 -1.091292e-01
-4.250000e-01 0.000000e+00 0.000000e+00 -1.046642e-01
-4.225000e-01 0.000000e+00 0.000000e+00 -1.005171e-01
-4.200000e-01 0.000000e+00 0.000000e+00 -9.627495e-02
-4.175000e-01 0.000000e+00 0.000000e+00 -9.246417e-02
-4.150000e-01 0.000000e+00 0.000000e+00 -8.825610e-02
-4.125000e-01 0.000000e+00 0.000000e+00 -8.326947e-02
-4.100000e-01 0.000000e+00 0.000000e+00 -7.901491e-02
-4.075000e-01 0.000000e+00 0.000000e+00 -7.440628e-02
-4.050000e-01 0.000000e+00 0.000000e+00 -7.046022e-02
-4.025000e-01 0.000000e+00 0.000000e+00 -6.590926e-02
-4.000000e-01 0.000000e+00 0.000000e+00 -6.056864e-02
-3.975000e-01 0.000000e+00 0.000000e+00 -5.631910e-02
-3.950000e-01 0.000000e+00 0.000000e+00 -5.114556e-02
-3.925000e-01 0.000000e+00 0.000000e+00 -4.692046e-02
-3.900000e-01 0.000000e+00 0.000000e+00 -4.204830e-02
-3.875000e-01 0.000000e+00 0.000000e+00 -3.692603e-02
-3.850000e-01 0.000000e+00 0.000000e+00 -3.176207e-02
-3.825000e-01 0.000000e+00 0.000000e+00 -2.692628e-02
-3.800000e-01 0.000000e+00 0.000000e+00 -2.227718e-02
-3.775000e-01 0.000000e+00 0.000000e+00 -1.683298e-02
-3.750000e-01 0.000000e+00 0.000000e+00 -1.144167e-02
-3.725000e-01 0.000000e+00 0.000000e+00 -6.140125e-03
-3.700000e-01 0.000000e+00 0.000000e+00 -1.544529e-03
-3.675000e-01 0.000000e+00 0.000000e+00 3.600011e-03
-3.650000e-01 0.000000e+00 0.000000e+00 9.566837e-03
-3.625000e-01 0.000000e+00 0.000000e+00 1.521953e-02
-3.600000e-01 0.000000e+00 0.000000e+00 2.025432e-02
-3.575000e-01 0.000000e+00 0.000000e+00 2.512130e-02
-3.550000e-01 0.000000e+00 0.000000e+00 3.071738e-02
-3.525000e-01 0.000000e+00 0.000000e+00 3.660442e-02
-3.500000e-01 0.000000e+00 0.000000e+00 4.319496e-02
-3.475000e-01 0.000000e+00 0.000000e+00 4.813329e-02
-3.450000e-01 0.000000e+00 0.000000e+00 5.339435e-02
-3.425000e-01 0.000000e+00 0.000000e+00 5.932597e-02
-3.400000e-01 0.000000e+00 0.000000e+00 6.567440e-02
-3.375000e-01 0.000000e+00 0.000000e+00 7.182955e-02
-3.350000e-01 0.000000e+00 0.000000e+00 7.681165e-02
-3.325000e-01 0.000000e+00 0.000000e+00 8.292763e-02
-3.300000e-01 0.000000e+00 0.000000e+00 8.966683e-02
-3.275000e-01 0.000000e+00 0.000000e+00 9.607692e-02
-3.250000e-01 0.000000e+00 0.000000e+00 1.022141e-01
-3.225000e-01 0.000000e+00 0.000000e+00 1.074204e-01
-3.200000e-01 0.000000e+00 0.000000e+00 1.143953e-01
-3.175000e-01 0.000000e+00 0.000000e+00 1.210600e-01
-3.150000e-01 0.000000e+00 0.000000e+00 1.280042e-01
-3.125000e-01 0.000000e+00 0.000000e+00 1.333033e-01
-3.100000e-01 0.000000e+00 0.000000e+00 1.397531e-01
-3.075000e-01 0.000000e+00 0.000000e+00 1.471655e-01
-3.050000e-01 0.000000e+00 0.000000e+00 1.537778e-01
-3.025000e-01 0.000000e+00 0.000000e+00 1.609717e-01
-3.000000e-01 0.000000e+00 0.000000e+00 1.671724e-01
-2.975000e-01 0.000000e+00 0.000000e+00 1.744123e-01
-2.950000e-01 0.000000e+00 0.000000e+00 1.814490e-01
-2.925000e-01 0.000000e+00 0.000000e+00 1.895342e-01
-2.900000e-01 0.000000e+00 0.000000e+00 1.954698e-01
-2.875000e-01 0.000000e+00 0.000000e+00 2.027524e-01
-2.850000e-01 0.000000e+00 0.000000e+00 2.106555e-01
-2.825000e-01 0.000000e+00 0.000000e+00 2.180331e-01
-2.800000e-01 0.000000e+00 0.000000e+00 2.261591e-01
-2.775000e-01 0.000000e+00 0.000000e+00 2.325559e-01
-2.750000e-01 0.000000e+00 0.000000e+00 2.412625e-01
-2.725000e-01 0.000000e+00 0.000000e+00 2.487259e-01
-2.700000e-01 0.000000e+00 0.000000e+00 2.575023e-01
-2.675000e-01 0.000000e+00 0.000000e+00 2.648541e-01
-2.650000e-01 0.000000e+00 0.000000e+00 2.721026e-01
-2.625000e-01 0.000000e+00 0.000000e+00 2.809826e-01
-2.600000e-01 0.000000e+00 0.000000e+00 2.893757e-01
-2.575000e-01 0.000000e+00 0.000000e+00 2.987603e-01
-2.550000e-01 0.000000e+00 0.000000e+00 3.062467e-01
-2.525000e-01 0.000000e+00 0.000000e+00 3.146970e-01
-2.500000e-01 0.000000e+00 0.000000e+00 3.243969e-01
-2.475000e-01 0.000000e+00 0.000000e+00 3.333884e-01
-2.450000e-01 0.000000e+00 0.000000e+00 3.423786e-01
-2.425000e-01 0.000000e+00 0.000000e+00 3.510271e-01
-2.400000e-01 0.000000e+00 0.000000e+00 3.604246e-01
-2.375000e-01 0.000000e+00 0.000000e+00 3.703754e-01
-2.350000e-01 0.000000e+00 0.000000e+00 3.806568e-01
-2.325000e-01 0.000000e+00 0.000000e+00 3.887222e-01
-2.300000e-01 0.000000e+00 0.000000e+00 3.987913e-01
-2.275000e-01 0.000000e+00 0.000000e+00 4.093417e-01
-2.250000e-01 0.000000e+00 0.000000e+00 4.213724e-01
-2.225000e-01 0.000000e+00 0.000000e+00 4.299508e-01
-2.200000e-01 0.000000e+00 0.000000e+00 4.391484e-01
-2.175000e-01 0.000000e+00 0.000000e+00 4.516000e-01
-2.150000e-01 0.000000e+00 0.000000e+00 4.629111e-01
-2.125000e-01 0.000000e+00 0.000000e+00 4.752148e-01
-2.100000e-01 0.000000e+00 0.000000e+00 4.842613e-01
-2.075000e-01 0.000000e+00 0.000000e+00 4.958206e-01
-2.050000e-01 0.000000e+00 0.000000e+00 5.089979e-01
-2.025000e-01 0.000000e+00 0.000000e+00 5.215551e-01
-2.000000e-01 0.000000e+00 0.000000e+00 5.320516e-01
-1.975000e-01 0.000000e+00 0.000000e+00 5.443992e-01
-1.950000e-01 0.000000e+00 0.000000e+00 5.568729e-01
-1.925000e-01 0.000000e+00 0.000000e+00 5.724573e-01
-1.900000e-01 0.000000e+00 0.000000e+00 5.835990e-01
-1.875000e-01 0.000000e+00 0.000000e+00 5.959580e-01
-1.850000e-01 0.000000e+00 0.000000e+00 6.104458e-01
-1.825000e-01 0.000000e+00 0.000000e+00 6.249112e-01
-1.800000e-01 0.000000e+00 0.000000e+00 6.395470e-01
-1.775000e-01 0.000000e+00 0.000000e+00 6.520011e-01
-1.750000e-01 0.000000e+00 0.000000e+00 6.683736e-01
-1.725000e-01 0.000000e+00 0.000000e+00 6.847777e-01
-1.700000e-01 0.000000e+00 0.000000e+00 7.004157e-01
-1.675000e-01 0.000000e+00 0.000000e+00 7.148579e-01
-1.650000e-01 0.000000e+00 0.000000e+00 7.305637e-01
-1.625000e-01 0.000000e+00 0.000000e+00 7.496480e-01
-1.600000e-01 0.000000e+00 0.000000e+00 7.677488e-01
-1.575000e-01 0.000000e+00 0.000000e+00 7.833189e-01
-1.550000e-01 0.000000e+00 0.000000e+00 8.009264e-01
-1.525000e-01 0.000000e+00 0.000000e+00 8.204653e-01
-1.500000e-01 0.000000e+00 0.000000e+00 8.420727e-01
-1.475000e-01 0.000000e+00 0.000000e+00 8.561900e-01
-1.450000e-01 0.000000e+00 0.000000e+00 8.766477e-01
-1.425000e-01 0.000000e+00 0.000000e+00 8.991052e-01
-1.400000e-01 0.000000e+00 0.000000e+00 9.211114e-01
-1.375000e-01 0.000000e+00 0.000000e+00 9.407014e-01
-1.350000e-01 0.000000e+00 0.000000e+00 9.624513e-01
-1.325000e-01 0.000000e+00 0.000000e+00 9.891776e-01
-1.300000e-01 0.000000e+00 0.000000e+00 1.011613e+00
-1.275000e-01 0.000000e+00 0.000000e+00 1.035528e+00
-1.250000e-01 0.000000e+00 0.000000e+00 1.058378e+00
-1.225000e-01 0.000000e+00 0.000000e+00 1.089627e+00
-1.200000e-01 0.000000e+00 0.000000e+00 1.114184e+00
-1.175000e-01 0.000000e+00 0.000000e+00 1.140623e+00
-1.150000e-01 0.000000e+00 0.000000e+00 1.168286e+00
-1.125000e-01 0.000000e+00 0.000000e+00 1.203733e+00
-1.100000e-01 0.000000e+00 0.000000e+00 1.231679e+00
-1.075000e-01 0.000000e+00 0.000000e+00 1.259575e+00
-1.050000e-01 0.000000e+00 0.000000e+00 1.298626e+00
-1.025000e-01 0.000000e+00 0.000000e+00 1.333707e+00
-1.000000e-01 0.000000e+00 0.000000e+00 1.367393e+00
-9.750000e-02 0.000000e+00 0.000000e+00 1.399508e+00
-9.500000e-02 0.000000e+00 0.000000e+00 1.447690e+00
-9.250000e-02 0.000000e+00 0.000000e+00 1.483347e+00
-9.000000e-02 0.000000e+00 0.000000e+00 1.518842e+00
-8.750000e-02 0.000000e+00 0.000000e+00 1.572529e+00
-8.500000e-02 0.000000e+00 0.000000e+00 1.620381e+00
-8.250000e-02 0.000000e+00 0.000000e+00 1.657074e+00
-8.000000e-02 0.000000e+00 0.000000e+00 1.714449e+00
-7.750000e-02 0.000000e+00 0.000000e+00 1.777696e+00
-7.500000e-02 0.000000e+00 0.000000e+00 1.814673e+00
-7.250000e-02 0.000000e+00 0.000000e+00 1.884892e+00
-7.000000e-02 0.000000e+00 0.000000e+00 1.956079e+00
-6.750000e-02 0.000000e+00 0.000000e+00 2.009822e+00
-6.500000e-02 0.000000e+00 0.000000e+00 2.090095e+00
-6.250000e-02 0.000000e+00 0.000000e+00 2.153889e+00
-6.000000e-02 0.000000e+00 0.000000e+00 2.242051e+00
-5.750000e-02 0.000000e+00 0.000000e+00 2.325062e+00
-5.500000e-02 0.000000e+00 0.000000e+00 2.405668e+00
-5.250000e-02 0.000000e+00 0.000000e+00 2.504980e+00
-5.000000e-02 0.000000e+00 0.000000e+00 2.594198e+00
-4.750000e-02 0.000000e+00 0.000000e+00 2.703223e+00
-4.500000e-02 0.000000e+00 0.000000e+00 2.771986e+00
-4.250000e-02 0.000000e+00 0.000000e+00 2.848497e+00
-4.000000e-02 0.000000e+00 0.000000e+00 2.922266e+00
-3.750000e-02 0.000000e+00 0.000000e+00 2.993665e+00
-3.500000e-02 0.000000e+00 0.000000e+00 3.000000e+00
-3.250000e-02 0.000000e+00 0.000000e+00 3.000000e+00
-3.000000e-02 0.000000e+00 0.000000e+00 3.000000e+00
-2.750000e-02 0.000000e+00 0.000000e+00 3.000000e+00
-2.500000e-02 0.000000e+00 0.000000e+00 3.000000e+00
-2.250000e-02 0.000000e+00 0.000000e+00 3.000000e+00
-2.000000e-02 0.000000e+00 0.000000e+00 3.000000e+00
-1.750000e-02 0.000000e+00 0.000000e+00 3.000000e+00
-1.500000e-02 0.000000e+00 0.000000e+00 3.000000e+00
-1.250000e-02 0.000000e+00 0.000000e+00 3.000000e+00
-1.000000e-02 0.000000e+00 0.000000e+00 3.000000e+00
-7.500000e-03 0.000000e+00 0.000000e+00 3.000000e+00
-5.000000e-03 0.000000e+00 0.000000e+00 3.000000e+00
-2.500000e-03 0.000000e+00 0.000000e+00 3.000000e+00
4.102621e-16 0.000000e+00 0.000000e+00 3.000000e+00
2.500000e-03 0.000000e+00 0.000000e+00 3.000000e+00
5.000000e-03 0.000000e+00 0.000000e+00 3.000000e+00
7.500000e-03 0.000000e+00 0.000000e+00 3.000000e+00
1.000000e-02 0.000000e+00 0.000000e+00 3.000000e+00
1.250000e-02 0.000000e+00 0.000000e+00 3.000000e+00
1.500000e-02 0.000000e+00 0.000000e+00 3.000000e+00
1.750000e-02 0.000000e+00 0.000000e+00 3.000000e+00
2.000000e-02 0.000000e+00 0.000000e+00 3.000000e+00
2.250000e-02 0.000000e+00 0.000000e+00 3.000000e+00
2.500000e-02 0.000000e+00 0.000000e+00 3.000000e+00
2.750000e-02 0.000000e+00 0.000000e+00 3.000000e+00
3.000000e-02 0.000000e+00 0.000000e+00 3.000000e+00
3.250000e-02 0.000000e+00 0.000000e+00 3.000000e+00
3.500000e-02 0.000000e+00 0.000000e+00 3.000000e+00
3.750000e-02 0.000000e+00 0.000000e+00 3.000000e+00
4.000000e-02 0.000000e+00 0.000000e+00 3.000000e+00
4.250000e-02 0.000000e+00 0.000000e+00 3.000000e+00
4.500000e-02 0.000000e+00 0.000000e+00 3.000000e+00
4.750000e-02 0.000000e+00 0.000000e+00 2.986687e+00
5.000000e-02 0.000000e+00 0.000000e+00 2.945176e+00
5.250000e-02 0.000000e+00 0.000000e+00 2.897956e+00
5.500000e-02 0.000000e+00 0.000000e+00 2.782393e+00
5.750000e-02 0.000000e+00 0.000000e+00 2.673618e+00
6.000000e-02 0.000000e+00 0.000000e+00 2.587786e+00
6.250000e-02 0.000000e+00 0.000000e+00 2.475858e+00
6.500000e-02 0.000000e+00 0.000000e+00 2.405344e+00
6.750000e-02 0.000000e+00 0.000000e+00 2.308809e+00
7.000000e-02 0.000000e+00 0.000000e+00 2.230366e+00
7.250000e-02 0.000000e+00 0.000000e+00 2.146437e+00
7.500000e-02 0.000000e+00 0.000000e+00 2.080453e+00
7.750000e-02 0.000000e+00 0.000000e+00 2.011012e+00
8.000000e-02 0.000000e+00 0.000000e+00 1.947617e+00
8.250000e-02 0.000000e+00 0.000000e+00 1.886189e+00
8.500000e-02 0.000000e+00 0.000000e+00 1.835407e+00
8.750000e-02 0.000000e+00 0.000000e+00 1.775338e+00
9.000000e-02 0.000000e+00 0.000000e+00 1.725754e+00
9.250000e-02 0.000000e+00 0.000000e+00 1.675028e+00
9.500000e-02 0.000000e+00 0.000000e+00 1.628911e+00
9.750000e-02 0.000000e+00 0.000000e+00 1.586716e+00
1.000000e-01 0.000000e+00 0.000000e+00 1.548210e+00
1.025000e-01 0.000000e+00 0.000000e+00 1.505226e+00
1.050000e-01 0.000000e+00 0.000000e+00 1.473837e+00
1.075000e-01 0.000000e+00 0.000000e+00 1.437620e+00
1.100000e-01 0.000000e+00 0.000000e+00 1.402476e+00
1.125000e-01 0.000000e+00 0.000000e+00 1.379805e+00
1.150000e-01 0.000000e+00 0.000000e+00 1.351044e+00
1.175000e-01 0.000000e+00 0.000000e+00 1.325101e+00
1.200000e-01 0.000000e+00 0.000000e+00 1.302723e+00
1.225000e-01 0.000000e+00 0.000000e+00 1.277028e+00
1.250000e-01 0.000000e+00 0.000000e+00 1.256188e+00
1.275000e-01 0.000000e+00 0.000000e+00 1.235632e+00
1.300000e-01 0.000000e+00 0.000000e+00 1.215806e+00
1.325000e-01 0.000000e+00 0.000000e+00 1.195195e+00
1.350000e-01 0.000000e+00 0.000000e+00 1.178528e+00
1.375000e-01 0.000000e+00 0.000000e+00 1.161459e+00
1.400000e-01 0.000000e+00 0.000000e+00 1.142249e+00
1.425000e-01 0.000000e+00 0.000000e+00 1.127677e+00
1.450000e-01 0.000000e+00 0.000000e+00 1.108605e+00
1.475000e-01 0.000000e+00 0.000000e+00 1.086516e+00
1.500000e-01 0.000000e+00 0.000000e+00 1.068628e+00
1.525000e-01 0.000000e+00 0.000000e+00 1.047948e+00
1.550000e-01 0.000000e+00 0.000000e+00 1.031453e+00
1.575000e-01 0.000000e+00 0.000000e+00 1.012338e+00
1.600000e-01 0.000000e+00 0.000000e+00 9.946639e-01
1.625000e-01 0.000000e+00 0.000000e+00 9.776788e-01
1.650000e-01 0.000000e+00 0.000000e+00 9.604254e-01
1.675000e-01 0.000000e+00 0.000000e+00 9.451481e-01
1.700000e-01 0.000000e+00 0.000000e+00 9.290301e-01
1.725000e-01 0.000000e+00 0.000000e+00 9.141625e-01
1.750000e-01 0.000000e+00 0.000000e+00 8.978544e-01
1.775000e-01 0.000000e+00 0.000000e+00 8.839939e-01
1.800000e-01 0.000000e+00 0.000000e+00 8.687565e-01
1.825000e-01 0.000000e+00 0.000000e+00 8.550565e-01
1.850000e-01 0.000000e+00 0.000000e+00 8.409737e-01
1.875000e-01 0.000000e+00 0.000000e+00 8.268128e-01
1.900000e-01 0.000000e+00 0.000000e+00 8.140777e-01
1.925000e-01 0.000000e+00 0.000000e+00 8.011657e-01
1.950000e-01 0.000000e+00 0.000000e+00 7.874721e-01
1.975000e-01 0.000000e+00 0.000000e+00 7.750313e-01
2.000000e-01 0.000000e+00 0.000000e+00 7.618084e-01
2.025000e-01 0.000000e+00 0.000000e+00 7.508980e-01
2.050000e-01 0.000000e+00 0.000000e+00 7.387474e-01
2.075000e-01 0.000000e+00 0.000000e+00 7.262784e-01
2.100000e-01 0.000000e+00 0.000000e+00 7.141371e-01
2.125000e-01 0.000000e+00 0.000000e+00 7.024797e-01
2.150000e-01 0.000000e+00 0.000000e+00 6.909135e-01
2.175000e-01 0.000000e+00 0.000000e+00 6.797980e-01
2.200000e-01 0.000000e+00 0.000000e+00 6.683856e-01
2.225000e-01 0.000000e+00 0.000000e+00 6.573482e-01
2.250000e-01 0.000000e+00 0.000000e+00 6.457350e-01
2.275000e-01 0.000000e+00 0.000000e+00 6.345874e-01
2.300000e-01 0.000000e+00 0.000000e+00 6.229442e-01
2.325000e-01 0.000000e+00 0.000000e+00 6.122172e-01
2.350000e-01 0.000000e+00 0.000000e+00 6.008479e-01
2.375000e-01 0.000000e+00 0.000000e+00 5.890971e-01
2.400000e-01 0.000000e+00 0.000000e+00 5.780049e-01
2.425000e-01 0.000000e+00 0.000000e+00 5.664702e-01
2.450000e-01 0.000000e+00 0.000000e+00 5.548953e-01
2.475000e-01 0.000000e+00 0.000000e+00 5.427642e-01
2.500000e-01 0.000000e+00 0.000000e+00 5.306342e-01
2.525000e-01 0.000000e+00 0.000000e+00 5.181084e-01
2.550000e-01 0.000000e+00 0.000000e+00 5.045981e-01
2.575000e-01 0.000000e+00 0.000000e+00 4.894470e-01
2.600000e-01 0.000000e+00 0.000000e+00 4.745163e-01
2.625000e-01 0.000000e+00 0.000000e+00 4.567064e-01
2.650000e-01 0.000000e+00 0.000000e+00 4.388502e-01
2.675000e-01 0.000000e+00 0.000000e+00 4.226417e-01
2.700000e-01 0.000000e+00 0.000000e+00 4.099381e-01
2.725000e-01 0.000000e+00 0.000000e+00 3.975872e-01
2.750000e-01 0.000000e+00 0.000000e+00 3.875890e-01
2.775000e-01 0.000000e+00 0.000000e+00 3.772604e-01
2.800000e-01 0.000000e+00 0.000000e+00 3.678311e-01
2.825000e-01 0.000000e+00 0.000000e+00 3.587147e-01
2.850000e-01 0.000000e+00 0.000000e+00 3.485001e-01
2.875000e-01 0.000000e+00 0.000000e+00 3.420156e-01
2.900000e-01 0.000000e+00 0.000000e+00 3.348157e-01
2.925000e-01 0.000000e+00 0.000000e+00 3.310097e-01
2.950000e-01 0.000000e+00 0.000000e+00 3.263089e-01
2.975000e-01 0.000000e+00 0.000000e+00 3.235182e-01
3.000000e-01 0.000000e+00 0.000000e+00 3.211738e-01
3.025000e-01 0.000000e+00 0.000000e+00 3.198231e-01
3.050000e-01 0.000000e+00 0.000000e+00 3.186942e-01
3.075000e-01 0.000000e+00 0.000000e+00 3.180940e-01
3.100000e-01 0.000000e+00 0.000000e+00 3.200061e-01
3.125000e-01 0.000000e+00 0.000000e+00 3.202125e-01
3.150000e-01 0.000000e+00 0.000000e+00 3.219391e-01
3.175000e-01 0.000000e+00 0.000000e+00 3.241393e-01
3.200000e-01 0.000000e+00 0.000000e+00 3.283119e-01
3.225000e-01 0.000000e+00 0.000000e+00 3.314671e-01
3.250000e-01 0.000000e+00 0.000000e+00 3.366418e-01
3.275000e-01 0.000000e+00 0.000000e+00 3.424818e-01
3.300000e-01 0.000000e+00 0.000000e+00 3.477374e-01
3.325000e-01 0.000000e+00 0.000000e+00 3.551998e-01
3.350000e-01 0.000000e+00 0.000000e+00 3.613040e-01
3.375000e-01 0.000000e+00 0.000000e+00 3.703638e-01
3.400000e-01 0.000000e+00 0.000000e+00 3.794879e-01
3.425000e-01 0.000000e+00 0.000000e+00 3.904557e-01
3.450000e-01 0.000000e+00 0.000000e+00 4.015180e-01
3.475000e-01 0.000000e+00 0.000000e+00 4.146031e-01
3.500000e-01 0.000000e+00 0.000000e+00 4.284233e-01
3.525000e-01 0.000000e+00 0.000000e+00 4.426958e-01
3.550000e-01 0.000000e+00 0.000000e+00 4.601077e-01
3.575000e-01 0.000000e+00 0.000000e+00 4.782651e-01
3.600000e-01 0.000000e+00 0.000000e+00 4.995246e-01
3.625000e-01 0.000000e+00 0.000000e+00 5.200958e-01
3.650000e-01 0.000000e+00 0.000000e+00 5.476189e-01
3.675000e-01 0.000000e+00 0.000000e+00 5.689803e-01
3.700000e-01 0.000000e+00 0.000000e+00 6.040114e-01
3.725000e-01 0.000000e+00 0.000000e+00 6.387928e-01
3.750000e-01 0.000000e+00 0.000000e+00 6.746243e-01
3.775000e-01 0.000000e+00 0.000000e+00 7.248451e-01
3.800000e-01 0.000000e+00 0.000000e+00 7.690067e-01
3.825000e-01 0.000000e+00 0.000000e+00 8.278315e-01
3.850000e-01 0.000000e+00 0.000000e+00 8.988473e-01
3.875000e-01 0.000000e+00 0.000000e+00 9.854022e-01
3.900000e-01 0.000000e+00 0.000000e+00 1.081677e+00
3.925000e-01 0.000000e+00 0.000000e+00 1.190596e+00
3.950000e-01 0.000000e+00 0.000000e+00 1.341939e+00
3.975000e-01 0.000000e+00 0.000000e+00 1.524535e+00
4.000000e-01 0.000000e+00 0.000000e+00 1.736360e+00
4.025000e-01 0.000000e+00 0.000000e+00 1.787466e+00
4.050000e-01 0.000000e+00 0.000000e+00 1.791790e+00
4.075000e-01 0.000000e+00 0.000000e+00 1.767083e+00
4.100000e-01 0.000000e+00 0.000000e+00 1.755966e+00
4.125000e-01 0.000000e+00 0.000000e+00 1.781248e+00
4.150000e-01 0.000000e+00 0.000000e+00 1.700686e+00
4.175000e-01 0.000000e+00 0.000000e+00 1.531469e+00
4.200000e-01 0.000000e+00 0.000000e+00 1.290922e+00
4.225000e-01 0.000000e+00 0.000000e+00 1.040399e+00
4.250000e-01 0.000000e+00 0.000000e+00 7.698648e-01
4.275000e-01 0.000000e+00 0.000000e+00 5.460829e-01
4.300000e-01 0.000000e+00 0.000000e+00 -1.804167e-02
4.325000e-01 0.000000e+00 0.000000e+00 -4.418851e-01
4.350000e-01 0.000000e+00 0.000000e+00 -6.810733e-01
4.375000e-01 0.000000e+00 0.000000e+00 -7.963499e-01
4.400000e-01 0.000000e+00 0.000000e+00 -9.082268e-01
4.425000e-01 0.000000e+00 0.000000e+00 -9.739095e-01
4.450000e-01 0.000000e+00 0.000000e+00 -8.771652e-01
4.475000e-01 0.000000e+00 0.000000e+00 -7.836039e-01
4.500000e-01 0.000000e+00 0.000000e+00 -7.331996e-01
4.525000e-01 0.000000e+00 0.000000e+00 -6.528357e-01
4.550000e-01 0.000000e+00 0.000000e+00 -6.714500e-01
4.575000e-01 0.000000e+00 0.000000e+00 -6.318257e-01
4.600000e-01 0.000000e+00 0.000000e+00 -5.920401e-01
4.625000e-01 0.000000e+00 0.000000e+00 -5.627322e-01
4.650000e-01 0.000000e+00 0.000000e+00 -5.372500e-01
4.675000e-01 0.000000e+00 0.000000e+00 -5.302108e-01
4.700000e-01 0.000000e+00 0.000000e+00 -5.233045e-01
4.725000e-01 0.000000e+00 0.000000e+00 -5.123672e-01
4.750000e-01 0.000000e+00 0.000000e+00 -5.094830e-01
4.775000e-01 0.000000e+00 0.000000e+00 -4.960752e-01
4.800000e-01 0.000000e+00 0.000000e+00 -4.979781e-01
4.825000e-01 0.000000e+00 0.000000e+00 -4.876775e-01
4.850000e-01 0.000000e+00 0.000000e+00 -4.909206e-01
4.875000e-01 0.000000e+00 0.000000e+00 -4.853102e-01
4.900000e-01 0.000000e+00 0.000000e+00 -4.887641e-01
4.925000e-01 0.000000e+00 0.000000e+00 -4.881960e-01
4.950000e-01 0.000000e+00 0.000000e+00 -4.909368e-01
4.975000e-01 0.000000e+00 0.000000e+00 -4.924705e-01
